Comparison between the real and estimated values of sin x
Start: -0.7853981633974483 	| End: 0.7146018366025513

Angle Value (rad)		| Exact sin x				| Taylor (to 11 power)		| Taylor Error				| Pade approximate [7\4]	| Pade Error
------------------------------------------------------------------------------------------------------------------------------------------------------------
-0.7853981633974483		| -0.7071067811865476		| -0.7071067811796194		| 0.0000000000069281		| -0.7071067811829503		| 0.0000000000035972
-0.6853981633974483		| -0.6329813066769582		| -0.6329813066757778		| 0.0000000000011804		| -0.6329813066763423		| 0.0000000000006158
-0.5853981633974483		| -0.5525312921868542		| -0.5525312921867022		| 0.0000000000001520		| -0.5525312921867745		| 0.0000000000000796
-0.4853981633974483		| -0.4665605676677813		| -0.4665605676677680		| 0.0000000000000133		| -0.4665605676677743		| 0.0000000000000070
-0.3853981633974484		| -0.3759281241809911		| -0.3759281241809904		| 0.0000000000000007		| -0.3759281241809908		| 0.0000000000000003
-0.2853981633974484		| -0.2815395311427008		| -0.2815395311427007		| 0.0000000000000001		| -0.2815395311427007		| 0.0000000000000001
-0.1853981633974484		| -0.1843378881738284		| -0.1843378881738284		| 0.0000000000000000		| -0.1843378881738284		| 0.0000000000000000
-0.0853981633974484		| -0.0852944019603276		| -0.0852944019603276		| 0.0000000000000000		| -0.0852944019603276		| 0.0000000000000000
0.0146018366025515		| 0.0146013177229801		| 0.0146013177229801		| 0.0000000000000000		| 0.0146013177229801		| 0.0000000000000000
0.1146018366025515		| 0.1143511458661537		| 0.1143511458661537		| 0.0000000000000000		| 0.1143511458661538		| 0.0000000000000000
0.2146018366025515		| 0.2129584151592960		| 0.2129584151592960		| 0.0000000000000000		| 0.2129584151592960		| 0.0000000000000000
0.3146018366025514		| 0.3094378743628594		| 0.3094378743628592		| 0.0000000000000001		| 0.3094378743628592		| 0.0000000000000001
0.4146018366025515		| 0.4028255326123511		| 0.4028255326123494		| 0.0000000000000017		| 0.4028255326123502		| 0.0000000000000009
0.5146018366025515		| 0.4921882912963978		| 0.4921882912963694		| 0.0000000000000284		| 0.4921882912963829		| 0.0000000000000149
0.6146018366025514		| 0.5766332672696289		| 0.5766332672693427		| 0.0000000000002862		| 0.5766332672694792		| 0.0000000000001498
0.7146018366025513		| 0.6553167142459179		| 0.6553167142438878		| 0.0000000000020300		| 0.6553167142448602		| 0.0000000000010577
