Comparison between the real and estimated values of sin x
Start: -9.42477796076938 	| End: 9.375222039230554

Angle Value (rad)		| Exact sin x				| Taylor (to 11 power)		| Taylor Error				| Pade approximate [7\4]	| Pade Error
------------------------------------------------------------------------------------------------------------------------------------------------------------
-9.4247779607693793		| -0.0000000000000004		| 509.7773755755517868		| 509.7773755755517868		| 132.5500988822414001		| 132.5500988822414001
-9.3247779607693797		| -0.0998334166468282		| 446.8243488118534970		| 446.9241822285003423		| 117.2154374328556941		| 117.3152708495025252
-9.2247779607693801		| -0.1986693307950609		| 391.0203186967310103		| 391.2189880275260521		| 103.4047994219791491		| 103.6034687527742051
-9.1247779607693804		| -0.2955202066613389		| 341.6242521778684704		| 341.9197723845298356		| 90.9881712917440666		| 91.2836914984054033
-9.0247779607693808		| -0.3894183423086495		| 297.9644699428628201		| 298.3538882851714789		| 79.8455101816532391		| 80.2349285239618837
-8.9247779607693811		| -0.4794255386042018		| 259.4328985973520503		| 259.9123241359562257		| 69.8659897775981875		| 70.3454153162023914
-8.8247779607693815		| -0.5646424733950339		| 225.4797327830282825		| 226.0443752564233080		| 60.9473085421309477		| 61.5119510155259803
-8.7247779607693818		| -0.6442176872376895		| 195.6084829839625741		| 196.2527006712002731		| 52.9950544213674988		| 53.6392721086051907
-8.6247779607693822		| -0.7173560908995210		| 169.3713859047816186		| 170.0887419956811470		| 45.9221207556540847		| 46.6394768465536060
-8.5247779607693825		| -0.7833269096274816		| 146.3651554000660440		| 147.1484823096935202		| 39.6481686778758089		| 40.4314955875032922
-8.4247779607693829		| -0.8414709848078947		| 126.2270529918140483		| 127.0685239766219468		| 34.0991317748039222		| 34.9406027596118136
-8.3247779607693833		| -0.8912073600614338		| 108.6312580317438687		| 109.5224653918052979		| 29.2067592215382241		| 30.0979665815996569
-8.2247779607693836		| -0.9320390859672250		| 93.2855185485437914		| 94.2175576345110102		| 24.9081939841195315		| 25.8402330700867573
-8.1247779607693840		| -0.9635581854171918		| 79.9280647677350657		| 80.8916229531522646		| 21.1455830269941281		| 22.1091412124113198
-8.0247779607693843		| -0.9854497299884594		| 68.3247682044428757		| 69.3102179344313356		| 17.8657167655610962		| 18.8511664955495561
-7.9247779607693847		| -0.9974949866040541		| 58.2665301079511551		| 59.2640250945552083		| 15.0196952741950209		| 16.0171902607990759
-7.8247779607693850		| -0.9995736030415053		| 49.5668838822348903		| 50.5664574852763948		| 12.5626190009270804		| 13.5621926039685849
-7.7247779607693854		| -0.9916648104524693		| 42.0597969195847838		| 43.0514617300372535		| 10.4533019549030914		| 11.4449667653555611
-7.6247779607693857		| -0.9738476308781966		| 35.5976580657369794		| 36.5715056966151764		| 8.6540055248544920		| 9.6278531557326890
-7.5247779607693861		| -0.9463000876874166		| 30.0494376854303908		| 30.9957377731178063		| 7.1301912587869065		| 8.0764913464743238
-7.4247779607693865		| -0.9092974268256845		| 25.2990080178068126		| 26.2083054446324972		| 5.8502910892224218		| 6.7595885160481064
-7.3247779607693868		| -0.8632093666488774		| 21.2436122023358962		| 22.1068215689847740		| 4.7854936266639676		| 5.6487029933128454
-7.2247779607693872		| -0.8084964038195945		| 17.7924710187602528		| 18.6009674225798491		| 3.9095452682551333		| 4.7180416720747278
-7.1247779607693875		| -0.7457052121767254		| 14.8655170196745985		| 15.6112222318513236		| 3.1985649804534901		| 3.9442701926302153
-7.0247779607693879		| -0.6754631805511569		| 12.3922463425343921		| 13.0677095230855489		| 2.6308717152873395		| 3.3063348958384964
-6.9247779607693882		| -0.5984721441039633		| 10.3106790698701261		| 10.9091512139740896		| 2.1868235106349991		| 2.7852956547389622
-6.8247779607693886		| -0.5155013718214718		| 8.5664195630031514		| 9.0819209348246233		| 1.8486674070135600		| 2.3641687788350318
-6.7247779607693889		| -0.4273798802338383		| 7.1118087263321144		| 7.5391886065659524		| 1.6003993875342031		| 2.0277792677680413
-6.6247779607693893		| -0.3349881501559139		| 5.9051606670057382		| 6.2401488171616517		| 1.4276336147996076		| 1.7626217649555216
-6.5247779607693897		| -0.2392493292139920		| 4.9100766992143470		| 5.1493260284283391		| 1.3174802993232526		| 1.5567296285372445
-6.4247779607693900		| -0.1411200080598774		| 4.0948301041155872		| 4.2359501121754644		| 1.2584315891921203		| 1.3995515972519976
-6.3247779607693904		| -0.0415806624333012		| 3.4318154962398211		| 3.4733961586731223		| 1.2402549207502440		| 1.2818355831835453
-6.2247779607693907		| 0.0583741434275689		| 2.8970570657706709		| 2.8386829223431018		| 1.2538933155656080		| 1.1955191721380392
-6.1247779607693911		| 0.1577456941432372		| 2.4697703640282640		| 2.3120246698850266		| 1.2913721503135738		| 1.1336264561703366
-6.0247779607693914		| 0.2555411020268200		| 2.1319726774503884		| 1.8764315754235685		| 1.3457119638743844		| 1.0901708618475645
-5.9247779607693918		| 0.3507832276896086		| 1.8681373940110078		| 1.5173541663213992		| 1.4108469002623587		| 1.0600636725727501
-5.8247779607693921		| 0.4425204432948412		| 1.6648881059703839		| 1.2223676626755426		| 1.4815484173055979		| 1.0390279740107566
-5.7247779607693925		| 0.5298361409084824		| 1.5107285147373259		| 0.9808923738288435		| 1.5533539195665098		| 1.0235177786580274
-5.6247779607693928		| 0.6118578909427087		| 1.3958045080561412		| 0.7839466171134325		| 1.6225000000950651		| 1.0106421091523563
-5.5247779607693932		| 0.6877661591839640		| 1.3116950673090471		| 0.6239289081250831		| 1.6858599994711969		| 0.9980938402872329
-5.4247779607693936		| 0.7568024953079192		| 1.2512289340440343		| 0.4944264387361151		| 1.7408856124274266		| 0.9840831171195074
-5.3247779607693939		| 0.8182771110644024		| 1.2083242204782256		| 0.3900471094138233		| 1.7855522923369009		| 0.9672751812724986
-5.2247779607693943		| 0.8715757724135810		| 1.1778483892626856		| 0.3062726168491047		| 1.8183082221714926		| 0.9467324497579116
-5.1247779607693946		| 0.9161659367494490		| 1.1554962537872191		| 0.2393303170377701		| 1.8380266373329028		| 0.9218607005834538
-5.0247779607693950		| 0.9516020738895112		| 1.1376838623055316		| 0.1860817884160204		| 1.8439613011717870		| 0.8923592272822758
-4.9247779607693953		| 0.9775301176650938		| 1.1214563277163065		| 0.1439262100512128		| 1.8357049481592942		| 0.8581748304942004
-4.8247779607693957		| 0.9936910036334626		| 1.1044078504739598		| 0.1107168468404972		| 1.8131505226730824		| 0.8194595190396198
-4.7247779607693960		| 0.9999232575641007		| 1.0846123553494884		| 0.0846890977853877		| 1.7764550533056447		| 0.7765317957415440
-4.6247779607693964		| 0.9961646088358421		| 1.0605633241273160		| 0.0643987152914739		| 1.7260060135876267		| 0.7298414047517846
-4.5247779607693968		| 0.9824526126243357		| 1.0311215563116010		| 0.0486689436872653		| 1.6623900301245373		| 0.6799374175002016
-4.4247779607693971		| 0.9589242746631434		| 0.9954697290180248		| 0.0365454543548813		| 1.5863638084460199		| 0.6274395337828764
-4.3247779607693975		| 0.9258146823277390		| 0.9530727559259604		| 0.0272580735982214		| 1.4988271554303245		| 0.5730124731025855
-4.2247779607693978		| 0.8834546557201618		| 0.9036430639348666		| 0.0201884082147048		| 1.4007979850533923		| 0.5173433293332305
-4.1247779607693982		| 0.8322674422239114		| 0.8471100154692996		| 0.0148425732453883		| 1.2933892014780926		| 0.4611217592541812
-4.0247779607693985		| 0.7727644875559994		| 0.7835928046620305		| 0.0108283171060312		| 1.1777873601945319		| 0.4050228726385325
-3.9247779607693989		| 0.7055403255704055		| 0.7133762473567590		| 0.0078359217863535		| 1.0552330140933888		| 0.3496926885229833
-3.8247779607693992		| 0.6312666378723365		| 0.6368889684433161		| 0.0056223305709796		| 0.9270026570423280		| 0.2957360191699915
-3.7247779607693996		| 0.5506855425976543		| 0.5546835658914604		| 0.0039980232938061		| 0.7943921827791046		| 0.2437066401814503
-3.6247779607694000		| 0.4646021794137751		| 0.4674183993969515		| 0.0028162199831763		| 0.6587017817685706		| 0.1940996023547955
-3.5247779607694003		| 0.3738766648302554		| 0.3758407131980654		| 0.0019640483678100		| 0.5212222031263759		| 0.1473455382961205
-3.4247779607694007		| 0.2794154981989460		| 0.2807708577543181		| 0.0013553595553721		| 0.3832223128185640		| 0.1038068146196180
-3.3247779607694010		| 0.1821625042721165		| 0.1830874239847315		| 0.0009249197126150		| 0.2459378831302752		| 0.0637753788581587
-3.2247779607694014		| 0.0830894028175182		| 0.0837131470126546		| 0.0006237441951365		| 0.1105615518825364		| 0.0274721490650183
-3.1247779607694017		| -0.0168139004843279		| -0.0163985257793389		| 0.0004153747049890		| -0.0217661069138721		| 0.0049522064295442
-3.0247779607694021		| -0.1165492048504711		| -0.1162762747653274		| 0.0002729300851437		| -0.1499644563238640		| 0.0334152514733930
-2.9247779607694024		| -0.2151199880877933		| -0.2149432004261294		| 0.0001767876616640		| -0.2730196663110597		| 0.0578996782232664
-2.8247779607694028		| -0.3115413635133563		| -0.3114285885455497		| 0.0001127749678065		| -0.3899906302576648		| 0.0784492667443086
-2.7247779607694032		| -0.4048499206165767		| -0.4047791490565654		| 0.0000707715600113		| -0.5000139760247720		| 0.0951640554081953
-2.6247779607694035		| -0.4941133511385876		| -0.4940697133639035		| 0.0000436377746841		| -0.6023082172893850		| 0.1081948661507974
-2.5247779607694039		| -0.5784397643881801		| -0.5784133624206175		| 0.0000264019675627		| -0.6961770889621061		| 0.1177373245739259
-2.4247779607694042		| -0.6569865987187706		| -0.6569709484232908		| 0.0000156502954798		| -0.7810121087193580		| 0.1240255100005874
-2.3247779607694046		| -0.7289690401258592		| -0.7289599664309735		| 0.0000090736948857		| -0.8562944050645949		| 0.1273253649387357
-2.2247779607694049		| -0.7936678638491377		| -0.7936627282344147		| 0.0000051356147229		| -0.9215958508533777		| 0.1279279870042400
-2.1247779607694053		| -0.8504366206285511		| -0.8504337891421067		| 0.0000028314864444		| -0.9765795398673996		| 0.1261429192388486
-2.0247779607694056		| -0.8987080958116154		| -0.8987065787555840		| 0.0000015170560314		| -1.0209996427931625		| 0.1222915469815471
-1.9247779607694060		| -0.9379999767747298		| -0.9379991890359493		| 0.0000007877387805		| -1.0547006778433525		| 0.1167007010686227
-1.8247779607694063		| -0.9679196720314798		| -0.9679192767841144		| 0.0000003952473654		| -1.0776162302448327		| 0.1096965582133529
-1.7247779607694067		| -0.9881682338769963		| -0.9881680428463867		| 0.0000001910306096		| -1.0897671538989651		| 0.1015989200219688
-1.6247779607694071		| -0.9985433453746035		| -0.9985432567022651		| 0.0000000886723385		| -1.0912592876905083		| 0.0927159423159047
-1.5247779607694074		| -0.9989413418397733		| -0.9989413023901469		| 0.0000000394496265		| -1.0822807181738905		| 0.0833393763341171
-1.4247779607694078		| -0.9893582466233859		| -0.9893582297866671		| 0.0000000168367188		| -1.0630986196938814		| 0.0737403730704955
-1.3247779607694081		| -0.9698898108450932		| -0.9698898038940427		| 0.0000000069510505		| -1.0340557023955699		| 0.0641658915504767
-1.2247779607694085		| -0.9407305566797827		| -0.9407305538346644		| 0.0000000028451183		| -0.9955662980404567		| 0.0548357413606740
-1.1247779607694088		| -0.9021718337563062		| -0.9021718325407436		| 0.0000000012155625		| -0.9481121130659801		| 0.0459402793096739
-1.0247779607694092		| -0.8545989080882960		| -0.8545989075066318		| 0.0000000005816642		| -0.8922376778998093		| 0.0376387698115134
-0.9247779607694095		| -0.7984871126235082		| -0.7984871122999952		| 0.0000000003235130		| -0.8285455211628774		| 0.0300584085393691
-0.8247779607694099		| -0.7343970978741337		| -0.7343970976728648		| 0.0000000002012689		| -0.7576910970617309		| 0.0232939991875972
-0.7247779607694103		| -0.6629692300822057		| -0.6629692299522334		| 0.0000000001299723		| -0.6803774939768801		| 0.0174082638946744
-0.6247779607694106		| -0.5849171928917873		| -0.5849171928098376		| 0.0000000000819498		| -0.5973499519951679		| 0.0124327591033806
-0.5247779607694110		| -0.5010208564579121		| -0.5010208564095739		| 0.0000000000483381		| -0.5093902169066117		| 0.0083693604486996
-0.4247779607694113		| -0.4121184852417853		| -0.4121184852161894		| 0.0000000000255959		| -0.4173107579857729		| 0.0051922727439875
-0.3247779607694117		| -0.3190983623493820		| -0.3190983623379509		| 0.0000000000114312		| -0.3219488767006151		| 0.0028505143512331
-0.2247779607694120		| -0.2228899141002785		| -0.2228899140964909		| 0.0000000000037876		| -0.2241607333343560		| 0.0012708192340775
-0.1247779607694124		| -0.1244544235070948		| -0.1244544235064472		| 0.0000000000006477		| -0.1248153183644126		| 0.0003608948573178
-0.0247779607694127		| -0.0247754254533911		| -0.0247754254533861		| 0.0000000000000051		| -0.0247883953137169		| 0.0000129698603257
0.0752220392305869		| 0.0751511204617760		| 0.0751511204616341		| 0.0000000000001419		| 0.0750435583299246		| 0.0001075621318514
0.1752220392305865		| 0.1743267812229468		| 0.1743267812211530		| 0.0000000000017938		| 0.1738093856443949		| 0.0005173955785518
0.2752220392305862		| 0.2717606264109103		| 0.2717606264039560		| 0.0000000000069543		| 0.2706492338825873		| 0.0011113925283230
0.3752220392305858		| 0.3664791292518957		| 0.3664791292342615		| 0.0000000000176342		| 0.3647204609004711		| 0.0017586683514246
0.4752220392305855		| 0.4575358937752901		| 0.4575358937394274		| 0.0000000000358626		| 0.4552034382583486		| 0.0023324555169414
0.5752220392305851		| 0.5440211108893404		| 0.5440211108255748		| 0.0000000000637655		| 0.5413072249704076		| 0.0027138859189327
0.6752220392305848		| 0.6250706488928547		| 0.6250706487888246		| 0.0000000001040301		| 0.6222750860073663		| 0.0027955628854884
0.7752220392305844		| 0.6998746875935172		| 0.6998746874315103		| 0.0000000001620070		| 0.6973898297984771		| 0.0024848577950402
0.8752220392305841		| 0.7676858097635587		| 0.7676858095102385		| 0.0000000002533203		| 0.7659789391350560		| 0.0017068706285027
0.9752220392305837		| 0.8278264690856330		| 0.8278264686585006		| 0.0000000004271323		| 0.8274194700506140		| 0.0004069990350190
1.0752220392305833		| 0.8796957599716525		| 0.8796957591431644		| 0.0000000008284881		| 0.8811426934450717		| 0.0014469334734192
1.1752220392305830		| 0.9227754216127924		| 0.9227754197640857		| 0.0000000018487066		| 0.9266384544348244		| 0.0038630328220320
1.2752220392305826		| 0.9566350162701771		| 0.9566350118117319		| 0.0000000044584452		| 0.9634592246489099		| 0.0068242083787328
1.3752220392305823		| 0.9809362300664840		| 0.9809362191716098		| 0.0000000108948742		| 0.9912238229563936		| 0.0102875928899095
1.4752220392305819		| 0.9954362533063738		| 0.9954362273088823		| 0.0000000259974915		| 1.0096207804034829		| 0.0141845270971092
1.5752220392305816		| 0.9999902065507036		| 0.9999901468743585		| 0.0000000596763451		| 1.0184113254627281		| 0.0184211189120245
1.6752220392305812		| 0.9945525882039933		| 0.9945524569264833		| 0.0000001312775100		| 1.0174319660529505		| 0.0228793778489572
1.7752220392305809		| 0.9791777291513252		| 0.9791774521355672		| 0.0000002770157580		| 1.0065966451789592		| 0.0274189160276340
1.8752220392305805		| 0.9540192499021011		| 0.9540186876886987		| 0.0000005622134024		| 0.9858984474663495		| 0.0318791975642484
1.9752220392305802		| 0.9193285256646916		| 0.9193274247991123		| 0.0000011008655793		| 0.9554108343302868		| 0.0360823086655953
2.0752220392305798		| 0.8754521746884480		| 0.8754500885846765		| 0.0000020861037715		| 0.9152883860194942		| 0.0398362113310462
2.1752220392305794		| 0.8228285949687318		| 0.8228247584491108		| 0.0000038365196210		| 0.8657670293190139		| 0.0429384343502821
2.2752220392305791		| 0.7619835839190595		| 0.7619767187990248		| 0.0000068651200347		| 0.8071637302787668		| 0.0451801463597072
2.3752220392305787		| 0.6935250847771528		| 0.6935131047723724		| 0.0000119800047804		| 0.7398756319604921		| 0.0463505471833393
2.4752220392305784		| 0.6181371122370665		| 0.6181166834418758		| 0.0000204287951907		| 0.6643786178641016		| 0.0462415056270351
2.5752220392305780		| 0.5365729180004706		| 0.5365388154829343		| 0.0000341025175363		| 0.5812252824065069		| 0.0446523644060364
2.6752220392305777		| 0.4496474645346392		| 0.4495916453419118		| 0.0000558191927274		| 0.4910422905820528		| 0.0413948260474136
2.7752220392305773		| 0.3582292822368682		| 0.3581395692800189		| 0.0000897129568493		| 0.3945271097341315		| 0.0362978274972633
2.8752220392305770		| 0.2632317913658435		| 0.2630900300626880		| 0.0001417613031555		| 0.2924440972125113		| 0.0292123058466678
2.9752220392305766		| 0.1656041754483528		| 0.1653836842669641		| 0.0002204911813887		| 0.1856199285803689		| 0.0200157531320160
3.0752220392305762		| 0.0663218973512446		| 0.0659839829323361		| 0.0003379144189086		| 0.0749383519687184		| 0.0086164546174738
3.1752220392305759		| -0.0336230472210927		| -0.0341338016837703		| 0.0005107544626776		| -0.0386657448464925		| 0.0050426976253998
3.2752220392305755		| -0.1332320414198986		| -0.1339940814435487		| 0.0007620400236502		| -0.1542129670484982		| 0.0209809256285997
3.3752220392305752		| -0.2315098251014944		| -0.2326329821982357		| 0.0011231570967414		| -0.2706867564056042		| 0.0391769313041098
3.4752220392305748		| -0.3274744391376498		| -0.3291109084491188		| 0.0016364693114690		| -0.3870414561545653		| 0.0595670170169155
3.5752220392305745		| -0.4201670368265993		| -0.4225256747679234		| 0.0023586379413241		| -0.5022111062320310		| 0.0820440694054317
3.6752220392305741		| -0.5086614643723343		| -0.5120262618573204		| 0.0033647974849861		| -0.6151189767604832		| 0.1064575123881489
3.7752220392305738		| -0.5920735147071861		| -0.5968272855774390		| 0.0047537708702530		| -0.7246878464736241		| 0.1326143317664380
3.8752220392305734		| -0.6695697621965669		| -0.6762243025793465		| 0.0066545403827796		| -0.8298510315089866		| 0.1602812693124197
3.9752220392305730		| -0.7403758899524165		| -0.7496101167187844		| 0.0092342267663679		| -0.9295641687047502		| 0.1891882787523337
4.0752220392305727		| -0.8037844265515927		| -0.8164922965307044		| 0.0127078699791118		| -1.0228177562153509		| 0.2190333296637582
4.1752220392305723		| -0.8591618148564715		| -0.8765121660947853		| 0.0173503512383139		| -1.1086504529089243		| 0.2494886380524528
4.2752220392305720		| -0.9059547423084416		| -0.9294655899915791		| 0.0235108476831375		| -1.1861631366313121		| 0.2802083943228705
4.3752220392305716		| -0.9436956694440884		| -0.9753259381260488		| 0.0316302686819604		| -1.2545337200190871		| 0.3108380505749987
4.4752220392305713		| -0.9720075013949644		| -1.0142696883769817		| 0.0422621869820173		| -1.3130327211205379		| 0.3410252197255735
4.5752220392305709		| -0.9906073556948636		| -1.0467052047253851		| 0.0560978490305215		| -1.3610395846419645		| 0.3704322289471009
4.6752220392305706		| -0.9993093887479159		| -1.0733053161392034		| 0.0739959273912876		| -1.3980597481799961		| 0.3987503594320803
4.7752220392305702		| -0.9980266527163648		| -1.0950444174737406		| 0.0970177647573758		| -1.4237424463323267		| 0.4257157936159619
4.8752220392305698		| -0.9867719642746217		| -1.1132409184240513		| 0.1264689541494296		| -1.4378992441028093		| 0.4511272798281877
4.9752220392305695		| -0.9656577765492907		| -1.1296059805852010		| 0.1639482040359103		| -1.4405232895355540		| 0.4748655129862632
5.0752220392305691		| -0.9348950555247012		| -1.1462996063958526		| 0.2114045508711514		| -1.4318092740306487		| 0.4969142185059475
5.1752220392305688		| -0.8947911721405271		| -1.1659952776279039		| 0.2712041054873768		| -1.4121740873145803		| 0.5173829151740532
5.2752220392305684		| -0.8457468311429616		| -1.1919544856172775		| 0.3462076544743159		| -1.3822781525659602		| 0.5365313214229986
5.3752220392305681		| -0.7882520673753488		| -1.2281126510960165		| 0.4398605837206677		| -1.3430474257348148		| 0.5547953583594660
5.4752220392305677		| -0.7228813495120127		| -1.2791780987809807		| 0.5562967492689680		| -1.2956960416464431		| 0.5728146921344305
5.5752220392305674		| -0.6502878401571570		| -1.3507459313074808		| 0.7004580911503238		| -1.2417495880517933		| 0.5914617478946362
5.6752220392305670		| -0.5711968696600320		| -1.4494288391841330		| 0.8782319695241010		| -1.1830689873802982		| 0.6118721177202662
5.7752220392305667		| -0.4863986888538459		| -1.5830070887162639		| 1.0966083998624181		| -1.1218749645715631		| 0.6354762757177173
5.8752220392305663		| -0.3967405731306622		| -1.7606001488363372		| 1.3638595757056748		| -1.0607730780139499		| 0.6640325048832877
5.9752220392305659		| -0.3031183567457544		| -1.9928626510385516		| 1.6897442942927974		| -1.0027792893041234		| 0.6996609325583690
6.0752220392305656		| -0.2064674819378501		| -2.2922076246994312		| 2.0857401427615812		| -0.9513460462671876		| 0.7448785643293374
6.1752220392305652		| -0.1077536522994984		| -2.6730602135429855		| 2.5653065612434869		| -0.9103888524446148		| 0.8026352001451164
6.2752220392305649		| -0.0079631837859920		| -3.1521453584563872		| 3.1441821746703953		| -0.8843132950722818		| 0.8763501112862898
6.3752220392305645		| 0.0919068502276254		| -3.7488132278680233		| 3.8407200780956487		| -0.8780425024356711		| 0.9699493526632965
6.4752220392305642		| 0.1908585813741339		| -4.4854064900594892		| 4.6762650714336234		| -0.8970450004088537		| 1.0879035817829876
6.5752220392305638		| 0.2879033166650112		| -5.3876738527077386		| 5.6755771693727501		| -0.9473629369606090		| 1.2352662536256203
6.6752220392305652		| 0.3820714171839569		| -6.4852346442571900		| 6.8673060614411465		| -1.0356406424489275		| 1.4177120596328845
6.7752220392305631		| 0.4724219863984164		| -7.8120995800331698		| 8.2845215664315859		| -1.1691534926274112		| 1.6415754790258275
6.8752220392305610		| 0.5580522712867295		| -9.4072532439673111		| 9.9653055152540411		| -1.3558370404568700		| 1.9138893117435996
6.9752220392305624		| 0.6381066823479040		| -11.3153042250534668		| 11.9534109074013699		| -1.6043163820544259		| 2.2424230644023302
7.0752220392305638		| 0.7117853423690834		| -13.5872092768561217		| 14.2989946192252049		| -1.9239357214259869		| 2.6357210637950703
7.1752220392305617		| 0.7783520785342608		| -16.2810783192111614		| 17.0594303977454231		| -2.3247880980148299		| 3.1031401765490907
7.2752220392305595		| 0.8371417780197140		| -19.4630675743747616		| 20.3002093523944751		| -2.8177452405654901		| 3.6548870185852040
7.3752220392305610		| 0.8875670335814769		| -23.2083686259714881		| 24.0959356595529641		| -3.4144875103459653		| 4.3020545439274418
7.4752220392305624		| 0.9291240127343475		| -27.6023017088738527		| 28.5314257216082012		| -4.1275338963981634		| 5.0566579091325110
7.5752220392305603		| 0.9613974918795404		| -32.7415220823117323		| 33.7029195741912702		| -4.9702720251949639		| 5.9316695170745044
7.6752220392305581		| 0.9840650050816321		| -38.7353489077802067		| 39.7194139128618389		| -5.9569881468749930		| 6.9410531519566252
7.7752220392305595		| 0.9969000660415913		| -45.7072266484227043		| 46.7041267144642944		| -7.1028970601035919		| 8.0997971261451838
7.8752220392305610		| 0.9997744310730124		| -53.7963296282390502		| 54.7961040593120643		| -8.4241719375711952		| 9.4239463686442075
7.9752220392305588		| 0.9926593804706404		| -63.1593210384660892		| 64.1519804189367306		| -9.9379740141895212		| 10.9306333946601608
8.0752220392305567		| 0.9756260054681715		| -73.9722783555489798		| 74.9479043610171516		| -11.6624821001798846		| 12.6381081056480564
8.1752220392305581		| 0.9488444979181441		| -86.4327978410270816		| 87.3816423389452268		| -13.6169218814681230		| 14.5657663793862664
8.2752220392305595		| 0.9125824497912091		| -100.7622915292022867		| 101.6748739789934888		| -15.8215949701059522		| 16.7341774198971613
8.3752220392305574		| 0.8672021794856131		| -117.2084908743952951		| 118.0756930538809115		| -18.2979076678283121		| 19.1651098473139250
8.4752220392305553		| 0.8131571116615255		| -136.0481720267480910		| 136.8613291384096158		| -21.0683994063288189		| 21.8815565179903437
8.5752220392305567		| 0.7509872467717181		| -157.5901185346793341		| 158.3411057814510627		| -24.1567708283891136		| 24.9077580751608316
8.6752220392305581		| 0.6813137655555465		| -182.1783381341116979		| 182.8596518996672557		| -27.5879114746341436		| 28.2692252401896909
8.7752220392305560		| 0.6048328224063347		| -210.1955511802249248		| 210.8003840026312616		| -31.3879270413973757		| 31.9927598638037090
8.8752220392305539		| 0.5223085896267887		| -242.0669692076498336		| 242.5892777972766226		| -35.5841661759701609		| 36.1064747655969498
8.9752220392305553		| 0.4345656220719540		| -278.2643830704905668		| 278.6989486925625101		| -40.2052467763700960		| 40.6398123984420465
9.0752220392305567		| 0.3424806184696723		| -319.3105811152649949		| 319.6530617337346598		| -45.2810817636993548		| 45.6235623821690268
9.1752220392305546		| 0.2469736617366859		| -365.7841188786225075		| 366.0310925403591682		| -50.8429042961654289		| 51.0898779579021181
9.2752220392305524		| 0.1489990258142652		| -418.3244628783902499		| 418.4734619042044983		| -56.9232923949033705		| 57.0722914207176331
9.3752220392305539		| 0.0495356408784345		| -477.6375321820308955		| 477.6870678229093414		| -63.5561929528664962		| 63.6057285937449279
